# name: vector of joint angles
# type: matrix
# rows: 1
# columns: 20
-0.0002344 -0.000105394 9.91811e-05 1.71479e-05 -3.5224e-06 -4.48106e-05 -0.000350036 -0.000178452 -0.000245601 0.000590244 -0.000279237 -0.000385793 -0.000135797 -0.000244641 -7.6531e-05 -0.000503857 -4.13066e-05 3.28833e-05 0.000363194 3.64542e-05 


